Estadística para .---  287104 

      0             0             1          ***          0,00          0,00        --------
      1             1         24997          ***          0,00          8,71        24.997,00
      2          2901         22097          ***          1,01          7,70          7,62
      3             0         22097          ***          0,00          7,70        --------
      4          2871         19226          ***          1,00          6,70          6,70
      5             0         19226          ***          0,00          6,70        --------
      6          4672         14553          ***          1,63          5,07          3,11
      7             0         14553          ***          0,00          5,07        --------
      8          1902         12651          ***          0,66          4,41          6,65
      9             0         12651          ***          0,00          4,41        --------
     10          2383         10268          ***          0,83          3,58          4,31
     11             0         10268          ***          0,00          3,58        --------
     12          2533          7735          ***          0,88          2,69          3,05
     13             0          7735          ***          0,00          2,69        --------
     14          1342          6393          ***          0,47          2,23          4,76
     15             0          6393          ***          0,00          2,23        --------
     16           895          5498          ***          0,31          1,91          6,14
     17             0          5498          ***          0,00          1,91        --------
     18          1453          4045          ***          0,51          1,41          2,78
     19             0          4045          ***          0,00          1,41        --------
     20           688          3357          ***          0,24          1,17          4,88
     21             0          3357          ***          0,00          1,17        --------
     22           625          2732          ***          0,22          0,95          4,37
     23             0          2732          ***          0,00          0,95        --------
     24           705          2027          ***          0,25          0,71          2,88
     25             0          2027          ***          0,00          0,71        --------
     26           311          1716          ***          0,11          0,60          5,52
     27             0          1716          ***          0,00          0,60        --------
     28           317          1399          ***          0,11          0,49          4,41
     29             0          1399          ***          0,00          0,49        --------
     30           465           934          ***          0,16          0,33          2,01
     31             0           934          ***          0,00          0,33        --------
     32           111           823          ***          0,04          0,29          7,41
     33             0           823          ***          0,00          0,29        --------
     34           142           681          ***          0,05          0,24          4,80
     35             0           681          ***          0,00          0,24        --------
     36           172           509          ***          0,06          0,18          2,96
     37             0           509          ***          0,00          0,18        --------
     38            86           423          ***          0,03          0,15          4,92
     39             0           423          ***          0,00          0,15        --------
     40           106           317          ***          0,04          0,11          2,99
     41             0           317          ***          0,00          0,11        --------
     42            99           218          ***          0,03          0,08          2,20
     43             0           218          ***          0,00          0,08        --------
     44            32           186          ***          0,01          0,06          5,81
     45             0           186          ***          0,00          0,06        --------
     46            29           157          ***          0,01          0,05          5,41
     47             0           157          ***          0,00          0,05        --------
     48            32           125          ***          0,01          0,04          3,91
     49             0           125          ***          0,00          0,04        --------
     50            18           107          ***          0,01          0,04          5,94
     51             0           107          ***          0,00          0,04        --------
     52            13            94          ***          0,00          0,03          7,23
     53             0            94          ***          0,00          0,03        --------
     54            30            64          ***          0,01          0,02          2,13
     55             0            64          ***          0,00          0,02        --------
     56             8            56          ***          0,00          0,02          7,00
     57             0            56          ***          0,00          0,02        --------
     58            11            45          ***          0,00          0,02          4,09
     59             0            45          ***          0,00          0,02        --------
     60            20            25          ***          0,01          0,01          1,25
     61             0            25          ***          0,00          0,01        --------
     62             3            22          ***          0,00          0,01          7,33
     63             0            22          ***          0,00          0,01        --------
     64             2            20          ***          0,00          0,01         10,00
     65             0            20          ***          0,00          0,01        --------
     66             7            13          ***          0,00          0,00          1,86
     67             0            13          ***          0,00          0,00        --------
     68             1            12          ***          0,00          0,00         12,00
     69             0            12          ***          0,00          0,00        --------
     70             6             6          ***          0,00          0,00          1,00
     71             0             6          ***          0,00          0,00        --------
     72             1             5          ***          0,00          0,00          5,00
     73             0             5          ***          0,00          0,00        --------
     74             0             5          ***          0,00          0,00        --------
     75             0             5          ***          0,00          0,00        --------
     76             1             4          ***          0,00          0,00          4,00
     77             0             4          ***          0,00          0,00        --------
     78             2             2          ***          0,00          0,00          1,00
     79             0             2          ***          0,00          0,00        --------
     80             0             2          ***          0,00          0,00        --------
     81             0             2          ***          0,00          0,00        --------
     82             1             1          ***          0,00          0,00          1,00
     83             0             1          ***          0,00          0,00        --------
     84             0             1          ***          0,00          0,00        --------
     85             0             1          ***          0,00          0,00        --------
     86             1             0          ***          0,00          0,00          0,00
     87             0             0          ***          0,00          0,00        --------
***********************
                24998        262106
