Estadística para .---  8192 

 0             0             1               ***        0,00          0,01          --------
 1             1             1027            ***        0,01          12,54         1.027,00
 2             178           849             ***        2,17          10,36         4,77
 3             0             849             ***        0,00          10,36         --------
 4             172           677             ***        2,10          8,26          3,94
 5             0             677             ***        0,00          8,26          --------
 6             251           426             ***        3,06          5,20          1,70
 7             0             426             ***        0,00          5,20          --------
 8             86            340             ***        1,05          4,15          3,95
 9             0             340             ***        0,00          4,15          --------
 10            102           238             ***        1,25          2,91          2,33
 11            0             238             ***        0,00          2,91          --------
 12            79            159             ***        0,96          1,94          2,01
 13            0             159             ***        0,00          1,94          --------
 14            44            115             ***        0,54          1,40          2,61
 15            0             115             ***        0,00          1,40          --------
 16            27            88              ***        0,33          1,07          3,26
 17            0             88              ***        0,00          1,07          --------
 18            34            54              ***        0,42          0,66          1,59
 19            0             54              ***        0,00          0,66          --------
 20            10            44              ***        0,12          0,54          4,40
 21            0             44              ***        0,00          0,54          --------
 22            13            31              ***        0,16          0,38          2,38
 23            0             31              ***        0,00          0,38          --------
 24            13            18              ***        0,16          0,22          1,38
 25            0             18              ***        0,00          0,22          --------
 26            3             15              ***        0,04          0,18          5,00
 27            0             15              ***        0,00          0,18          --------
 28            4             11              ***        0,05          0,13          2,75
 29            0             11              ***        0,00          0,13          --------
 30            9             2               ***        0,11          0,02          0,22
 31            0             2               ***        0,00          0,02          --------
 32            1             1               ***        0,01          0,01          1,00
 33            0             1               ***        0,00          0,01          --------
 34            1             0               ***        0,01          0,00          0,00
 35            0             0               ***        0,00          0,00          --------
***********************
               1028          7164 
